sprites/sand.png
sprites/sandbagbeige.png
8 8
0 0 0 0 0 0 0 0 
0 2 3 0 0 0 0 0
0 0 1 0 0 0 0 0
0 0 1 0 0 0 0 0
0 0 1 0 0 0 0 0
0 0 1 0 0 0 0 0
0 0 1 1 1 1 1 0
0 0 0 0 0 0 0 0 

20
0 0 600 100 0
0 0 443 222 1
0 0 655 387 1
0 0 520 100 0
0 0 630 150 1
0 0 500 430 0
0 0 200 100 0
0 0 320 490 1
0 0 500 430 0
0 0 200 100 0
0 0 104 422 0
1 0 433 159 0
1 0 255 319 0
1 0 577 266 0 
1 0 443 222 1
1 0 655 387 1
1 1 520 100 0
1 1 590 210 0
1 1 500 160 1
1 1 320 490 1


3
1 0 205 355 
1 0 350 155 
1 0 600 355

