sprites/dirt.png
sprites/dirtWall.png
5 8
0 0 0 0 0 0 0 0
0 1 1 1 0 0 0 0
0 1 0 3 0 0 0 0
0 2 0 0 0 0 0 0
0 0 0 0 0 0 0 0
25
0 2 590 210 0
2 0 500 160 1
0 1 320 490 1
0 1 500 430 0
0 2 500 160 1
0 0 630 150 1
0 1 550 390 0
0 0 400 400 1
0 1 320 490 1
0 0 500 430 0
0 0 200 100 0
1 1 104 422 0
1 1 100 321 2
0 0 166 299 2
1 0 433 159 0
1 2 255 319 0
1 0 577 266 0 
2 0 443 222 1
2 0 655 387 1
0 2 600 100 0
2 2 550 150 0
2 2 520 100 0
2 0 590 210 0
2 0 520 100 0

1 1 200 100 0

11
0 1 400 253
0 1 111 400
0 1 221 300
0 0 233 199
0 0 394 150
1 0 305 210 
1 0 400 355
2 0 112 400
2 0 160 121
2 1 330 275 
1 1 300 355
