sprites/sand.png
sprites/sandbagbeige.png
7 10
0 0 0 0 0 0 0 0 0 0 
0 2 1 0 1 1 1 0 0 0
0 0 3 0 0 0 1 0 0 0
0 0 1 1 1 0 1 0 0 0
0 0 0 0 1 0 1 0 0 0
0 0 1 1 1 1 1 0 0 0
0 0 0 0 0 0 0 0 0 0

25
0 0 600 100 0
0 0 550 150 0
0 0 520 100 0
0 0 590 210 0
0 0 500 160 1
0 0 630 150 1
0 0 550 390 0
0 0 400 400 1
0 0 320 490 1
0 0 500 430 0
0 0 200 100 0
0 0 104 422 0
0 0 100 321 2
0 0 166 299 2
1 0 433 159 0
1 0 255 319 0
1 0 577 266 0 
1 0 443 222 1
1 0 655 387 1
1 1 520 100 0
1 1 590 210 0
1 1 500 160 1
1 1 320 490 1
1 1 500 430 0
1 1 200 100 0

3
1 0 505 355 
1 0 350 155 
1 1 300 355
